336354  12  63
336355  12  62
336356 141  63
336357  60  67
336358  62  63
336359  63  62
336360  67  62
336361  63  60
336363  63  60
336364  60  62
336365  62  60
336366  60  62
336367  62  60
336368  60  62
336369  62  60
336370  60  63
336371  62  61
336372  60  63
336373  62  63
336374  70  63
336375  63  70
336376  63  62
336377  63  60
336378  61  62
336379  63  60
336380  60  62
336381  62  60
336382  60  62
336383  62  60
336384  60  62
336385  62  60
336386  60  63
336387  62  63
336388  60  63
336389  62  64
336390  61  63
336391  63  61
336392  64  62
336393  63  60
336394  63  62
336395  63  60
336396  60  62
336397  62  60
336398  60  62
336399  62  60
336400  60  62
336401  62  60
336402  60  63
336403  62  61
336404  60  63
336405  62  63
336406  61  63
336407  63  61
336408  63  62
336409  63  60
336410  61  62
336411  63  60
336412  60  62
336413  62  60
336414  60  62
336415  62  60
336416  60  62
336417  62  60
336418  60  63
336419  62  61
336420  60  63
336421  62  65
336422  61  63
336423  63  61
336424  65  60
336425  63 141
336426  61  63
336428 141  63
336429  60  66
336430  66  63
336431  63  66
336432  66  62
336433  63  60
336434  63  62
336435  63  60
336436  60  62
336437  62  60
336438  60  62
336439  62  60
336440  60  62
336441  62  60
336442  60  63
336443  62  61
336444  60  63
336445  62  71
336446  71  63
336447  63  71
336448  71  62
336449  63  60
336450  61  62
336451  63  60
336452  60  62
336453  62  60
336454  60  62
336455  62  60
336456  60  62
336457  62  60
336458  60  63
336459  62  61
336460  60  63
336461  62  63
336462  60  63
336463  63  60
336464  63  62
336465  63  60
336466  61  62
336467  63  60
336468  60  62
336469  62  60
336470  60  62
336471  62  60
336472  60  62
336473  62  60
336474  60  63
336475  62  63
336476  60  63
336478  60  63
336479  63  60
336481  63  60
336482  63  62
336483  63  60
336484  60  62
336485  62  60
336486  60  62
336487  62  60
336488  60  62
336489  62  60
336490  60  63
336491  62  61
336492  60  63
336493  62  70
336495  62 141
336496  70  63
336497  63  62
336498  61  63
336499  63  62
336500 141  63
336501  60  66
336502  66  62
336503  63  60
336505  63  60
336507  63  60
336508  60  62
336509  62  60
336510  60  62
336511  62  60
336512  60  63
336514  60  63
336515  62  64
336516  60  63
336517  62  65
336518  65  62
336519  63  60
336520  64  62
336521  63  60
336523  63  60
336524  60  62
336525  62  60
336526  60  62
336527  62  60
336528  60  63
336529  62  71
336530  60  63
336531  62  61
336532  60  62
336533  62  60
336534  60  62
336535  62  60
336536  61  62
336537  63  60
336538  71  62
336539  63  60
336540  60  62
336541  62  60
336542  60  62
336543  62  60
336544  60  63
336546  60  63
336547  62  64
336548  60  63
336549  62  65
336550  65  62
336551  63  60
336552  64  62
336553  63  60
336555  63  60
336556  60  62
336557  62  60
336558  60  62
336559  62  60
336560  60  63
336562  60  63
336564  60  63
336565  62  66
336566  66  60
336567  63 141
336568  62  63
336569  63  61
336570  62  63
336571  63  70
336572 141  62
336574  70  62
336575  63  60
336576  61  62
336577  63  60
336578  60  62
336579  62  60
336580  60  62
336581  62  60
336582  60  62
336583  62  60
336584  60  63
336585  62  63
336586  60  63
336588  60  63
336589  63  60
336591  63  60
336592  63  62
336593  63  60
336594  60  62
336595  62  60
336596  60  62
336597  62  60
336598  60  62
336599  62  60
336600  60  63
336601  62  61
336602  60  63
336603  62  63
336604  60  63
336605  63  60
336606  63  62
336607  63  60
336608  61  62
336609  63  60
336610  60  62
336611  62  60
336612  60  62
336613  62  60
336614  60  62
336615  62  60
336616  60  63
336617  62  61
336618  60  63
336619  62  71
336620  71  63
336621  63  71
336622  71  62
336623  63  60
336624  61  62
336625  63  60
336626  60  62
336627  62  60
336628  60  62
336629  62  60
336630  60  62
336631  62  60
336632  60  63
336633  62  63
336634  60  63
336635  62  66
336636  66  63
336637  63  66
336638  66  60
336639  63 141
336641  63  61
336642 141  63
336643  60  65
336644  61  63
336645  63  61
336646  65  62
336647  63  60
336648  61  62
336649  63  60
336650  60  62
336651  62  60
336652  60  62
336653  62  60
336654  60  62
336655  62  60
336656  60  63
336657  62  61
336658  60  63
336659  62  63
336660  61  63
336661  63  61
336662  63  62
336663  63  60
336664  61  62
336665  63  60
336666  60  62
336667  62  60
336668  60  62
336669  62  60
336670  60  62
336671  62  60
336672  60  63
336673  62  63
336674  60  63
336675  62  64
336676  61  63
336677  63  61
336678  64  62
336679  63  60
336680  63  62
336681  63  60
336682  60  62
336683  62  60
336684  60  62
336685  62  60
336686  60  62
336687  62  60
336688  60  63
336689  62  61
336690  60  63
336691  62  63
336692  70  63
336693  63  70
336694  63  62
336695  63  60
336696  61  62
336697  63  60
336698  60  62
336699  62  60
336700  60  62
336701  62  60
336702  60  62
336703  62  60
336704  60  63
336706  60  63
336707  62  67
336708  62  63
336709  63  62
336710  67  60
336711  63 141
336712  62  12
336713  63  12
